-Summary_Total
targets	1	0	5	106	1902	20193	196209	1443525	3376194	0
CTCF_binding_site	0	0	0	3	54	599	5677	39688	102205	0
DNaseI	0	0	1	24	395	4139	34271	201290	555103	0
enhancer	0	0	0	1	49	683	5803	36209	95977	0
Exon	0	0	1	6	112	1153	9691	63370	171201	0
Intron	1	0	3	53	1121	11897	116576	863448	1973437	0
open_chromatin_region	0	0	0	3	28	287	2582	16064	42455	0
promoter	0	0	0	1	26	400	3891	28450	69240	0
promoter_flanking_region	1	0	0	10	170	2096	18659	129600	314315	0
TF_binding_site	0	0	0	0	9	97	869	5611	14452	0
-Summary_EAS
targets	0	0	0	11	236	2613	22357	116541	293847	0
CTCF_binding_site	0	0	0	2	9	77	688	3662	9535	0
DNaseI	0	0	0	2	51	573	4093	19624	52365	0
enhancer	0	0	0	0	7	111	648	3382	8809	0
Exon	0	0	0	1	14	142	1012	5471	14883	0
Intron	0	0	0	2	149	1500	13222	69005	174374	0
open_chromatin_region	0	0	0	0	2	30	324	1550	4047	0
promoter	0	0	0	0	2	44	411	2337	6118	0
promoter_flanking_region	0	0	0	1	25	286	2154	11360	28735	0
TF_binding_site	0	0	0	0	3	10	100	472	1284	0
-Summary_SAS
targets	0	0	0	13	238	2819	25270	131241	332978	0
CTCF_binding_site	0	0	0	2	6	94	754	3915	10673	0
DNaseI	0	0	0	4	48	607	4443	22089	58848	0
enhancer	0	0	0	1	9	117	731	3740	10151	0
Exon	0	0	0	0	12	141	1178	5966	16411	0
Intron	0	0	0	5	138	1637	14883	77575	196599	0
open_chromatin_region	0	0	0	0	5	39	347	1695	4401	0
promoter	0	0	0	0	4	48	468	2499	7018	0
promoter_flanking_region	0	0	0	1	23	314	2390	12565	32503	0
TF_binding_site	0	0	0	0	2	15	105	572	1473	0
-Summary_AFR
targets	0	0	0	20	382	4259	37804	199835	526673	0
CTCF_binding_site	0	0	0	2	6	141	1113	6087	17268	0
DNaseI	0	0	0	5	75	910	6697	33705	93472	0
enhancer	0	0	0	1	4	171	1150	5808	15683	0
Exon	0	0	0	1	18	216	1695	8954	25485	0
Intron	0	0	0	9	233	2496	22394	118787	312649	0
open_chromatin_region	0	0	0	1	6	56	527	2624	6975	0
promoter	0	0	0	0	5	90	703	3886	11055	0
promoter_flanking_region	0	0	0	0	39	443	3641	19095	51263	0
TF_binding_site	0	0	0	0	3	27	160	847	2384	0
-Summary_EUR
targets	0	0	0	14	240	2542	23042	119450	300998	0
CTCF_binding_site	0	0	0	2	5	81	707	3652	9671	0
DNaseI	0	0	0	6	50	547	4071	19805	52761	0
enhancer	0	0	0	0	4	98	664	3441	8952	0
Exon	0	0	0	1	11	135	1048	5297	14947	0
Intron	0	0	0	3	136	1461	13724	70214	177581	0
open_chromatin_region	0	0	0	1	6	30	361	1484	4036	0
promoter	0	0	0	0	2	52	395	2317	6226	0
promoter_flanking_region	0	0	0	1	24	278	2263	11342	29286	0
TF_binding_site	0	0	0	0	2	17	106	502	1364	0
-Summary_AMR
targets	0	0	0	17	269	2985	26788	139080	352517	0
CTCF_binding_site	0	0	0	2	6	87	811	4199	11251	0
DNaseI	0	0	0	5	52	615	4602	22953	61326	0
enhancer	0	0	0	1	4	112	765	3908	10388	0
Exon	0	0	0	1	17	136	1166	6025	16551	0
Intron	0	0	0	5	174	1734	15824	82289	207669	0
open_chromatin_region	0	0	0	0	5	37	367	1784	4720	0
promoter	0	0	0	0	3	56	460	2630	7214	0
promoter_flanking_region	0	0	0	0	25	318	2547	13116	33815	0
TF_binding_site	0	0	0	0	1	14	108	595	1595	0
