-Summary_Total
targets	1	0	5	67	1283	13140	130607	1081587	2362948	0
CTCF_binding_site	0	0	0	1	38	371	3725	28558	69054	0
DNaseI	0	0	1	14	264	2602	22441	137930	370848	0
enhancer	0	0	0	0	33	396	3843	25382	64785	0
Exon	0	0	1	3	74	793	6531	45692	118262	0
Intron	1	0	3	36	739	7756	77213	646905	1368710	0
open_chromatin_region	0	0	0	1	20	188	1652	11185	28842	0
promoter	0	0	0	1	19	264	2621	21026	47158	0
promoter_flanking_region	1	0	0	8	105	1330	12251	94309	213832	0
TF_binding_site	0	0	0	0	5	61	601	4028	9812	0
-Summary_CTAACAGTTGCTTTTATCACNNN
targets	1	0	5	67	1283	13140	130607	1081587	2362948	0
CTCF_binding_site	0	0	0	1	38	371	3725	28558	69054	0
DNaseI	0	0	1	14	264	2602	22441	137930	370848	0
enhancer	0	0	0	0	33	396	3843	25382	64785	0
Exon	0	0	1	3	74	793	6531	45692	118262	0
Intron	1	0	3	36	739	7756	77213	646905	1368710	0
open_chromatin_region	0	0	0	1	20	188	1652	11185	28842	0
promoter	0	0	0	1	19	264	2621	21026	47158	0
promoter_flanking_region	1	0	0	8	105	1330	12251	94309	213832	0
TF_binding_site	0	0	0	0	5	61	601	4028	9812	0
-Summary_CTTGCCCCACAGGGCAGTAANNN
targets	0	0	0	11	236	2613	22357	116541	293847	0
CTCF_binding_site	0	0	0	2	9	77	688	3662	9535	0
DNaseI	0	0	0	2	51	573	4093	19624	52365	0
enhancer	0	0	0	0	7	111	648	3382	8809	0
Exon	0	0	0	1	14	142	1012	5471	14883	0
Intron	0	0	0	2	149	1500	13222	69005	174374	0
open_chromatin_region	0	0	0	0	2	30	324	1550	4047	0
promoter	0	0	0	0	2	44	411	2337	6118	0
promoter_flanking_region	0	0	0	1	25	286	2154	11360	28735	0
TF_binding_site	0	0	0	0	3	10	100	472	1284	0
-Summary_AAAAAAAAAAAAAAAAAAAANNN
targets	0	0	0	14	240	2542	23042	119450	300998	0
CTCF_binding_site	0	0	0	2	5	81	707	3652	9671	0
DNaseI	0	0	0	6	50	547	4071	19805	52761	0
enhancer	0	0	0	0	4	98	664	3441	8952	0
Exon	0	0	0	1	11	135	1048	5297	14947	0
Intron	0	0	0	3	136	1461	13724	70214	177581	0
open_chromatin_region	0	0	0	1	6	30	361	1484	4036	0
promoter	0	0	0	0	2	52	395	2317	6226	0
promoter_flanking_region	0	0	0	1	24	278	2263	11342	29286	0
TF_binding_site	0	0	0	0	2	17	106	502	1364	0
-Summary_FFFFFFFFFFFFFFFFFFFFNNN
targets	0	0	0	17	269	2985	26788	139080	352517	0
CTCF_binding_site	0	0	0	2	6	87	811	4199	11251	0
DNaseI	0	0	0	5	52	615	4602	22953	61326	0
enhancer	0	0	0	1	4	112	765	3908	10388	0
Exon	0	0	0	1	17	136	1166	6025	16551	0
Intron	0	0	0	5	174	1734	15824	82289	207669	0
open_chromatin_region	0	0	0	0	5	37	367	1784	4720	0
promoter	0	0	0	0	3	56	460	2630	7214	0
promoter_flanking_region	0	0	0	0	25	318	2547	13116	33815	0
TF_binding_site	0	0	0	0	1	14	108	595	1595	0